2,25.38,35.66,
3,20.28,26.05,
4,18.67,22.64,
5,17.51,19.75,
6,15.81,18.00,
10,14.44,15.15,
12,13.81,14.29,
15,13.31,13.54,
20,13.93,13.07,
25,12.44,12.66,      25,12.43,12.45,         
30,12.30,12.45,      30,12.29,12.27,
50,12.17,12.01,      50,12.19,11.94,
60,12.09,11.90,      60,12.09,11.86,
75,12.44,12.26,      75,12.42,13.20,
100,12.29,12.12,     100,12.26,12.06,
125,12.24,12.05,     125,12.23,11.94,
150,12.22,12.01,     150,12.21,11.86,
250,11.94,11.71,     250,11.92,11.68,
300,11.86,11.64,     300,11.83,11.62,
375,11.76,11.61,     375,11.74,11.60,
500,11.93,11.57,     500,11.85,11.58,
                     750,11.90,11.62,
                     1500,11.60,11.56,













